{
  "models": {
    "region": {
      "rate": 182.1082060538497,
      "alphabet": [
        "Africa",
        "Asia",
        "Caribbean",
        "Europe",
        "North America",
        "South America",
        "?"
      ],
      "equilibrium_probabilities": [
        0.19281181248891352,
        0.19796348247216597,
        0.18397211077318806,
        0.14111751859231533,
        0.14079575787071208,
        0.14333931780270506
      ],
      "transition_matrix": [
        [
          0.0,
          1.6792508136087676,
          1.0584030652319936,
          1.7291089222921725,
          1.2658598034240245,
          0.8196695919706797
        ],
        [
          1.6792508136087676,
          0.0,
          1.8746553369641872,
          0.8765864451462916,
          0.8184549246941711,
          0.8252904427523255
        ],
        [
          1.0584030652319936,
          1.8746553369641872,
          0.0,
          1.4859145564591927,
          0.8200644925869872,
          1.726207515682336
        ],
        [
          1.7291089222921725,
          0.8765864451462916,
          1.4859145564591927,
          0.0,
          0.8218235978996287,
          0.8474614867742039
        ],
        [
          1.2658598034240245,
          0.8184549246941711,
          0.8200644925869872,
          0.8218235978996287,
          0.0,
          0.8171030627737716
        ],
        [
          0.8196695919706797,
          0.8252904427523255,
          1.726207515682336,
          0.8474614867742039,
          0.8171030627737716,
          0.0
        ]
      ]
    },
    "country": {
      "rate": 9.287701928890723,
      "alphabet": [
        "Austria",
        "Barbados",
        "Brazil",
        "China",
        "Ethiopia",
        "France ",
        "French Guiana",
        "Gabon",
        "Guadeloupe",
        "Portugal",
        "Puerto Rico",
        "Suriname",
        "Turkey",
        "USA",
        "?"
      ],
      "equilibrium_probabilities": [
        0.08267307863847372,
        0.06951276104163577,
        0.06805561792928329,
        0.07008441865492455,
        0.0681390823729567,
        0.06811398453337587,
        0.06927358529657489,
        0.07291044685468429,
        0.07487683626044524,
        0.07335812119162873,
        0.06797769175933498,
        0.07281227682731128,
        0.06940314977529807,
        0.0728089488640727
      ],
      "transition_matrix": [
        [
          0.0,
          1.0253548316979912,
          1.0256223413741394,
          1.0247574858778197,
          1.0257951785501833,
          1.026129572577227,
          1.0261043657224413,
          1.024772309153605,
          1.024805114713018,
          2.56223576543716,
          1.0254856390243754,
          1.0245669585005586,
          1.0260492973056432,
          1.0245679298802013
        ],
        [
          1.0253548316979912,
          0.0,
          1.0368286908927398,
          1.1292721610305996,
          1.0262978114854984,
          1.0265572114286128,
          1.0372843464160024,
          1.0301792952753883,
          1.1387456339305226,
          1.030398393153582,
          1.033156945047601,
          1.0252751211923663,
          1.0502666608129576,
          1.0252474481053842
        ],
        [
          1.0256223413741394,
          1.0368286908927398,
          0.0,
          1.0290786328555115,
          1.0264783763712366,
          1.026752742594853,
          1.1403980740266566,
          1.0257167514731182,
          1.2819763994002482,
          1.026714285755803,
          1.02624725810821,
          1.27949997708731,
          1.0467920978522693,
          1.0255274887888093
        ],
        [
          1.0247574858778197,
          1.1292721610305996,
          1.0290786328555115,
          0.0,
          1.0272577359080535,
          1.026083889310775,
          1.0295014351765228,
          1.0263189309624619,
          1.3075328613067858,
          1.0271221079723978,
          1.0276547558515905,
          1.0247616821219347,
          1.0330053811312443,
          1.0247541869550636
        ],
        [
          1.0257951785501833,
          1.0262978114854984,
          1.0264783763712366,
          1.0272577359080535,
          0.0,
          1.0279043400623862,
          1.02689489968278,
          1.0258518665194731,
          1.0259573179658346,
          1.0268699247437705,
          1.0263638230166907,
          1.025678897188255,
          1.0268008759885792,
          1.5371989213262554
        ],
        [
          1.026129572577227,
          1.0265572114286128,
          1.026752742594853,
          1.026083889310775,
          1.0279043400623862,
          0.0,
          1.0271743066544465,
          1.5377811259758993,
          1.0262125524098127,
          1.0273900073404774,
          1.0266381288254764,
          1.0259723101867346,
          1.0271772975231923,
          1.0259770579824437
        ],
        [
          1.0261043657224413,
          1.0372843464160024,
          1.1403980740266566,
          1.0295014351765228,
          1.02689489968278,
          1.0271743066544465,
          0.0,
          1.0261482410742975,
          1.286079017497931,
          1.027167030934804,
          1.026662696416558,
          1.2815484711205578,
          1.047295617834584,
          1.0259523142055487
        ],
        [
          1.024772309153605,
          1.0301792952753883,
          1.0257167514731182,
          1.0263189309624619,
          1.0258518665194731,
          1.5377811259758993,
          1.0261482410742975,
          0.0,
          1.026397880002511,
          1.0260553316564216,
          1.0256027010585234,
          1.024783740826982,
          1.0872832212322345,
          1.0247806114015654
        ],
        [
          1.024805114713018,
          1.1387456339305226,
          1.2819763994002482,
          1.3075328613067858,
          1.0259573179658346,
          1.0262125524098127,
          1.286079017497931,
          1.026397880002511,
          0.0,
          1.027266690112357,
          1.0277820939220277,
          1.0280507770012857,
          1.03457722950021,
          1.024795736120351
        ],
        [
          2.56223576543716,
          1.030398393153582,
          1.026714285755803,
          1.0271221079723978,
          1.0268699247437705,
          1.0273900073404774,
          1.027167030934804,
          1.0260553316564216,
          1.027266690112357,
          0.0,
          1.026643768007126,
          1.0258631676670027,
          1.0350233468604726,
          1.0258605963846548
        ],
        [
          1.0254856390243754,
          1.033156945047601,
          1.02624725810821,
          1.0276547558515905,
          1.0263638230166907,
          1.0266381288254764,
          1.026662696416558,
          1.0256027010585234,
          1.0277820939220277,
          1.026643768007126,
          0.0,
          1.0254123997605524,
          1.0409851888280015,
          1.0254065327306408
        ],
        [
          1.0245669585005586,
          1.0252751211923663,
          1.27949997708731,
          1.0247616821219347,
          1.025678897188255,
          1.0259723101867346,
          1.2815484711205578,
          1.024783740826982,
          1.0280507770012857,
          1.0258631676670027,
          1.0254123997605524,
          0.0,
          1.0258718789462984,
          1.0245997509520595
        ],
        [
          1.0260492973056432,
          1.0502666608129576,
          1.0467920978522693,
          1.0330053811312443,
          1.0268008759885792,
          1.0271772975231923,
          1.047295617834584,
          1.0872832212322345,
          1.03457722950021,
          1.0350233468604726,
          1.0409851888280015,
          1.0258718789462984,
          0.0,
          1.0258291684904501
        ],
        [
          1.0245679298802013,
          1.0252474481053842,
          1.0255274887888093,
          1.0247541869550636,
          1.5371989213262554,
          1.0259770579824437,
          1.0259523142055487,
          1.0247806114015654,
          1.024795736120351,
          1.0258605963846548,
          1.0254065327306408,
          1.0245997509520595,
          1.0258291684904501,
          0.0
        ]
      ]
    }
  },
  "nodes": {
    "NODE_0000000": {
      "region": "Caribbean",
      "region_confidence": {
        "Caribbean": 0.5030911300794743,
        "Europe": 0.2639679198036768,
        "Asia": 0.08974137543929078,
        "South America": 0.07542671137782306,
        "Africa": 0.05388163358697205,
        "North America": 0.01389122971276298
      },
      "region_entropy": 1.3252919404338388,
      "country": "Portugal",
      "country_confidence": {
        "Portugal": 0.3880478678763615,
        "Puerto Rico": 0.23622821907293648,
        "Turkey": 0.08986057385352687,
        "Brazil": 0.07846458335776728,
        "French Guiana": 0.07776009710945367,
        "Barbados": 0.044556763207633035,
        "Gabon": 0.0379126990325435,
        "Guadeloupe": 0.02549648691249927,
        "China": 0.015502067554165007,
        "Austria": 0.002810519987155531
      },
      "country_entropy": 1.784156348094717
    },
    "NODE_0000016": {
      "region": "Caribbean",
      "region_confidence": {
        "Caribbean": 0.716687538212747,
        "Asia": 0.09217419532800071,
        "South America": 0.08383863573573697,
        "Europe": 0.07337754452390077,
        "Africa": 0.02976172321205019,
        "North America": 0.004160362987564424
      },
      "region_entropy": 0.9853926567756639,
      "country": "Puerto Rico",
      "country_confidence": {
        "Puerto Rico": 0.31635185009072425,
        "Portugal": 0.18773448699258993,
        "Turkey": 0.11999477134765874,
        "Brazil": 0.10475551715184349,
        "French Guiana": 0.10380019593973826,
        "Barbados": 0.059227914449519505,
        "Gabon": 0.05030369069730729,
        "Guadeloupe": 0.03359216038720563,
        "China": 0.020244287179356602,
        "Austria": 0.0017266989644310485
      },
      "country_entropy": 1.94268073964628
    },
    "NODE_0000017": {
      "region": "Caribbean",
      "region_confidence": {
        "Caribbean": 0.9903151278732983,
        "Asia": 0.003653444055384619,
        "South America": 0.00283451187888481,
        "Europe": 0.0020509386225933397
      },
      "region_entropy": 0.06779380673535174,
      "country": "Puerto Rico",
      "country_confidence": {
        "Puerto Rico": 0.9998115847938098
      },
      "country_entropy": 0.0021761661486689185
    },
    "TgCatPr06": {
      "region": "Caribbean",
      "region_confidence": {
        "Caribbean": 1.0
      },
      "region_entropy": -1.000088900581841e-12,
      "country": "Puerto Rico",
      "country_confidence": {
        "Puerto Rico": 1.0
      },
      "country_entropy": -1.000088900581841e-12
    },
    "TgCatPr08": {
      "region": "Caribbean",
      "region_confidence": {
        "Caribbean": 1.0
      },
      "region_entropy": -1.000088900581841e-12,
      "country": "Puerto Rico",
      "country_confidence": {
        "Puerto Rico": 1.0
      },
      "country_entropy": -1.000088900581841e-12
    },
    "NODE_0000013": {
      "region": "Caribbean",
      "region_confidence": {
        "Caribbean": 0.6636107583773556,
        "Asia": 0.14251217638633448,
        "South America": 0.1357753557388217,
        "Africa": 0.03166884051412608,
        "Europe": 0.024601173536054476,
        "North America": 0.0018316954473075377
      },
      "region_entropy": 1.0329151450850091,
      "country": "Turkey",
      "country_confidence": {
        "Turkey": 0.19909727836140612,
        "Brazil": 0.1745236002933683,
        "French Guiana": 0.1728878277190784,
        "Puerto Rico": 0.11354027696686352,
        "Barbados": 0.0982169778510925,
        "Gabon": 0.08351067981879816,
        "Portugal": 0.06716501525710859,
        "Guadeloupe": 0.05546801106870067,
        "China": 0.03325228090040198
      },
      "country_entropy": 2.0844235559470072
    },
    "NODE_0000014": {
      "region": "Asia",
      "region_confidence": {
        "Asia": 0.5507785064227617,
        "Caribbean": 0.23856574338837105,
        "Africa": 0.14574547107196162,
        "South America": 0.04192182153365023,
        "Europe": 0.017915401397047823,
        "North America": 0.005073056186207693
      },
      "region_entropy": 1.1829143925168555,
      "country": "Turkey",
      "country_confidence": {
        "Turkey": 0.49956130740399285,
        "Gabon": 0.21436875543321007,
        "Brazil": 0.06918374076534775,
        "French Guiana": 0.06855858264238412,
        "Puerto Rico": 0.045037953927321586,
        "Barbados": 0.03912418618555685,
        "Portugal": 0.026676951478057466,
        "Guadeloupe": 0.022113386232072034,
        "China": 0.013313263418346911
      },
      "country_entropy": 1.566281057596544
    },
    "Ankara-TgH102001": {
      "region": "Asia",
      "region_confidence": {
        "Asia": 1.0
      },
      "region_entropy": -1.000088900581841e-12,
      "country": "Turkey",
      "country_confidence": {
        "Turkey": 1.0
      },
      "country_entropy": -1.000088900581841e-12
    },
    "NODE_0000006": {
      "region": "Africa",
      "region_confidence": {
        "Africa": 0.9746498222542992,
        "Asia": 0.01589002782754074,
        "Caribbean": 0.004802924698146206,
        "Europe": 0.002532370200142268,
        "South America": 0.0010806157062571717,
        "North America": 0.0010442393136144382
      },
      "region_entropy": 0.14617319658590505,
      "country": "Gabon",
      "country_confidence": {
        "Gabon": 0.9997428171114734
      },
      "country_entropy": 0.002734095262251458
    },
    "GAB3-GAL-DOM02-TgA105001": {
      "region": "Africa",
      "region_confidence": {
        "Africa": 1.0
      },
      "region_entropy": -1.000088900581841e-12,
      "country": "Gabon",
      "country_confidence": {
        "Gabon": 0.9999999999999999
      },
      "country_entropy": -9.99866855976916e-13
    },
    "GAB3-GAL-DOM11-TgA105043": {
      "region": "Africa",
      "region_confidence": {
        "Africa": 1.0
      },
      "region_entropy": -1.000088900581841e-12,
      "country": "Gabon",
      "country_confidence": {
        "Gabon": 0.9999999999999999
      },
      "country_entropy": -9.99866855976916e-13
    },
    "NODE_0000001": {
      "region": "Caribbean",
      "region_confidence": {
        "Caribbean": 0.9288946003442085,
        "Asia": 0.05789141236760758,
        "South America": 0.007727659197782146,
        "Africa": 0.0028084485230897797,
        "Europe": 0.002218218237550607
      },
      "region_entropy": 0.304626028794266,
      "country": "Barbados",
      "country_confidence": {
        "Barbados": 0.47795191770593537,
        "Guadeloupe": 0.1999648587415046,
        "China": 0.16367338906786894,
        "Turkey": 0.0373463223927001,
        "Brazil": 0.035150541413096204,
        "French Guiana": 0.034878141984307505,
        "Puerto Rico": 0.021183945117264274,
        "Gabon": 0.015614371192716718,
        "Portugal": 0.012588149133415523
      },
      "country_entropy": 1.5433156168478754
    },
    "ENVL-2002-MAC": {
      "region": "Caribbean",
      "region_confidence": {
        "Caribbean": 0.9999999999999999
      },
      "region_entropy": -9.99866855976916e-13,
      "country": "Barbados",
      "country_confidence": {
        "Barbados": 1.0
      },
      "country_entropy": -1.000088900581841e-12
    },
    "NODE_0000008": {
      "region": "Caribbean",
      "region_confidence": {
        "Caribbean": 0.8759940156242184,
        "Asia": 0.1164423371304782,
        "South America": 0.003204737053734375,
        "Africa": 0.0022922149810714536,
        "Europe": 0.0016086003757152367
      },
      "region_entropy": 0.4125779685434645,
      "country": "Guadeloupe",
      "country_confidence": {
        "Guadeloupe": 0.42551365608067626,
        "China": 0.3826366511009585,
        "Barbados": 0.14440587985974127,
        "Brazil": 0.01079147784016558,
        "French Guiana": 0.010723906068067406,
        "Turkey": 0.010670743240225655,
        "Puerto Rico": 0.006070670621954761,
        "Gabon": 0.00450400712250445,
        "Portugal": 0.0036526963702771275
      },
      "country_entropy": 1.2411297768335963
    },
    "TgCatCHn01": {
      "region": "Asia",
      "region_confidence": {
        "Asia": 1.0
      },
      "region_entropy": -1.000088900581841e-12,
      "country": "China",
      "country_confidence": {
        "China": 1.0
      },
      "country_entropy": -1.000088900581841e-12
    },
    "TgH40002": {
      "region": "Caribbean",
      "region_confidence": {
        "Caribbean": 1.0
      },
      "region_entropy": -1.000088900581841e-12,
      "country": "Guadeloupe",
      "country_confidence": {
        "Guadeloupe": 1.0
      },
      "country_entropy": -1.000088900581841e-12
    },
    "NODE_0000004": {
      "region": "South America",
      "region_confidence": {
        "South America": 0.9987886791354798,
        "Caribbean": 0.0010834311835101642
      },
      "region_entropy": 0.009897539499928392,
      "country": "Brazil",
      "country_confidence": {
        "Brazil": 0.4951970624471368,
        "French Guiana": 0.48985550426452235,
        "Guadeloupe": 0.01399385664607179
      },
      "country_entropy": 0.7655878875826841
    },
    "NODE_0000010": {
      "region": "South America",
      "region_confidence": {
        "South America": 0.9997644192493117
      },
      "region_entropy": 0.002436201202472785,
      "country": "Brazil",
      "country_confidence": {
        "Brazil": 0.9996308083647795
      },
      "country_entropy": 0.00336455577181483
    },
    "TgCatBr60": {
      "region": "South America",
      "region_confidence": {
        "South America": 1.0
      },
      "region_entropy": -1.000088900581841e-12,
      "country": "Brazil",
      "country_confidence": {
        "Brazil": 1.0
      },
      "country_entropy": -1.000088900581841e-12
    },
    "TgCpBr18": {
      "region": "South America",
      "region_confidence": {
        "South America": 1.0
      },
      "region_entropy": -1.000088900581841e-12,
      "country": "Brazil",
      "country_confidence": {
        "Brazil": 1.0
      },
      "country_entropy": -1.000088900581841e-12
    },
    "NODE_0000011": {
      "region": "South America",
      "region_confidence": {
        "South America": 0.9997548421965426
      },
      "region_entropy": 0.0025237923820936384,
      "country": "French Guiana",
      "country_confidence": {
        "French Guiana": 0.9996199264977819
      },
      "country_entropy": 0.003452358979377439
    },
    "TgH00009": {
      "region": "South America",
      "region_confidence": {
        "South America": 1.0
      },
      "region_entropy": -1.000088900581841e-12,
      "country": "French Guiana",
      "country_confidence": {
        "French Guiana": 1.0
      },
      "country_entropy": -1.000088900581841e-12
    },
    "NODE_0000012": {
      "region": "South America",
      "region_confidence": {
        "South America": 0.9998056947220308
      },
      "region_entropy": 0.002065748460654955,
      "country": "French Guiana",
      "country_confidence": {
        "French Guiana": 0.9999997123523872
      },
      "country_entropy": 4.720056182730919e-06
    },
    "GUY-CAN-FAM-07-TgA18006": {
      "region": "South America",
      "region_confidence": {
        "South America": 1.0
      },
      "region_entropy": -1.000088900581841e-12,
      "country": "French Guiana",
      "country_confidence": {
        "French Guiana": 1.0
      },
      "country_entropy": -1.000088900581841e-12
    },
    "TgH42001": {
      "region": "South America",
      "region_confidence": {
        "South America": 1.0
      },
      "region_entropy": -1.000088900581841e-12,
      "country": "French Guiana",
      "country_confidence": {
        "French Guiana": 1.0
      },
      "country_entropy": -1.000088900581841e-12
    },
    "NODE_0000005": {
      "region": "South America",
      "region_confidence": {
        "South America": 0.9998673473762798
      },
      "region_entropy": 0.0013260548377063673,
      "country": "Brazil",
      "country_confidence": {
        "Brazil": 0.4946088731637509,
        "French Guiana": 0.4892684515844602,
        "Guadeloupe": 0.014805492639965818,
        "Suriname": 0.0012370615715364788
      },
      "country_entropy": 0.769501604827226
    },
    "TgH19006": {
      "region": "South America",
      "region_confidence": {
        "South America": 1.0
      },
      "region_entropy": -1.000088900581841e-12,
      "country": "French Guiana",
      "country_confidence": {
        "French Guiana": 1.0
      },
      "country_entropy": -1.000088900581841e-12
    },
    "TgH13006": {
      "region": "Caribbean",
      "region_confidence": {
        "Caribbean": 1.0
      },
      "region_entropy": -1.000088900581841e-12,
      "country": "Guadeloupe",
      "country_confidence": {
        "Guadeloupe": 0.9999999999999999
      },
      "country_entropy": -9.99866855976916e-13
    },
    "TgH18008": {
      "region": "South America",
      "region_confidence": {
        "South America": 1.0
      },
      "region_entropy": -1.000088900581841e-12,
      "country": "Suriname",
      "country_confidence": {
        "Suriname": 1.0
      },
      "country_entropy": -1.000088900581841e-12
    },
    "NODE_0000015": {
      "region": "South America",
      "region_confidence": {
        "South America": 0.9998096107904609
      },
      "region_entropy": 0.002026945107120497,
      "country": "Brazil",
      "country_confidence": {
        "Brazil": 0.9996302023966049
      },
      "country_entropy": 0.00337330511538609
    },
    "TgJagBr01": {
      "region": "South America",
      "region_confidence": {
        "South America": 1.0
      },
      "region_entropy": -1.000088900581841e-12,
      "country": "Brazil",
      "country_confidence": {
        "Brazil": 1.0
      },
      "country_entropy": -1.000088900581841e-12
    },
    "TgCkBr181": {
      "region": "South America",
      "region_confidence": {
        "South America": 1.0
      },
      "region_entropy": -1.000088900581841e-12,
      "country": "Brazil",
      "country_confidence": {
        "Brazil": 1.0
      },
      "country_entropy": -1.000088900581841e-12
    },
    "NODE_0000019": {
      "region": "Europe",
      "region_confidence": {
        "Europe": 0.9999999999115441
      },
      "region_entropy": 2.1946011749477394e-09,
      "country": "Portugal",
      "country_confidence": {
        "Portugal": 0.9986305603654981,
        "Austria": 0.0013694396060619468
      },
      "country_entropy": 0.010397701880633133
    },
    "TgCkPr11": {
      "region": "Europe",
      "region_confidence": {
        "Europe": 1.0
      },
      "region_entropy": -1.000088900581841e-12,
      "country": "Portugal",
      "country_confidence": {
        "Portugal": 1.0
      },
      "country_entropy": -1.000088900581841e-12
    },
    "TgPiPr13": {
      "region": "Europe",
      "region_confidence": {
        "Europe": 1.0
      },
      "region_entropy": -1.000088900581841e-12,
      "country": "Portugal",
      "country_confidence": {
        "Portugal": 1.0
      },
      "country_entropy": -1.000088900581841e-12
    },
    "TgCkAt20": {
      "region": "Europe",
      "region_confidence": {
        "Europe": 1.0
      },
      "region_entropy": -1.000088900581841e-12,
      "country": "Austria",
      "country_confidence": {
        "Austria": 1.0
      },
      "country_entropy": -1.000088900581841e-12
    },
    "TgCkPr03": {
      "region": "Europe",
      "region_confidence": {
        "Europe": 1.0
      },
      "region_entropy": -1.000088900581841e-12,
      "country": "Portugal",
      "country_confidence": {
        "Portugal": 1.0
      },
      "country_entropy": -1.000088900581841e-12
    },
    "TgCkAt08": {
      "region": "Europe",
      "region_confidence": {
        "Europe": 1.0
      },
      "region_entropy": -1.000088900581841e-12,
      "country": "Austria",
      "country_confidence": {
        "Austria": 1.0
      },
      "country_entropy": -1.000088900581841e-12
    },
    "TgPiPr09": {
      "region": "Europe",
      "region_confidence": {
        "Europe": 1.0
      },
      "region_entropy": -1.000088900581841e-12,
      "country": "Portugal",
      "country_confidence": {
        "Portugal": 1.0
      },
      "country_entropy": -1.000088900581841e-12
    },
    "TgCkAt27": {
      "region": "Europe",
      "region_confidence": {
        "Europe": 1.0
      },
      "region_entropy": -1.000088900581841e-12,
      "country": "Austria",
      "country_confidence": {
        "Austria": 1.0
      },
      "country_entropy": -1.000088900581841e-12
    },
    "NODE_0000018": {
      "region": "Europe",
      "region_confidence": {
        "Europe": 0.9963529896592133,
        "Africa": 0.003227200330534539
      },
      "region_entropy": 0.025903452728487767,
      "country": "France ",
      "country_confidence": {
        "France ": 0.9973676492999871,
        "Portugal": 0.001956596039562938
      },
      "country_entropy": 0.019922662831602017
    },
    "NODE_0000020": {
      "region": "Europe",
      "region_confidence": {
        "Europe": 0.9959310731021659,
        "Africa": 0.003645433350897706
      },
      "region_entropy": 0.028306320995292043,
      "country": "France ",
      "country_confidence": {
        "France ": 0.9999893468190181
      },
      "country_entropy": 0.0001430339988388192
    },
    "NODE_0000021": {
      "region": "Europe",
      "region_confidence": {
        "Europe": 0.949925319111732,
        "Africa": 0.047113416470215636,
        "Caribbean": 0.0013554303664299109
      },
      "region_entropy": 0.21362105088558525,
      "country": "France ",
      "country_confidence": {
        "France ": 0.9990128824307661
      },
      "country_entropy": 0.007859564979737438
    },
    "FR-OVI-ARI021-TgA32088": {
      "region": "Europe",
      "region_confidence": {
        "Europe": 1.0
      },
      "region_entropy": -1.000088900581841e-12,
      "country": "France ",
      "country_confidence": {
        "France ": 1.0
      },
      "country_entropy": -1.000088900581841e-12
    },
    "GAB5-GAL-DOM03-TgA105055": {
      "region": "Africa",
      "region_confidence": {
        "Africa": 1.0
      },
      "region_entropy": -1.000088900581841e-12,
      "country": "Gabon",
      "country_confidence": {
        "Gabon": 1.0
      },
      "country_entropy": -1.000088900581841e-12
    },
    "NODE_0000022": {
      "region": "Europe",
      "region_confidence": {
        "Europe": 0.9995453122305702
      },
      "region_entropy": 0.004421590941489429,
      "country": "France ",
      "country_confidence": {
        "France ": 0.9999999865585419
      },
      "country_entropy": 2.799566921358189e-07
    },
    "FR-OVI-ARI050-TgA32116": {
      "region": "Europe",
      "region_confidence": {
        "Europe": 0.9999999999999999
      },
      "region_entropy": -9.99866855976916e-13,
      "country": "France ",
      "country_confidence": {
        "France ": 0.9999999999999999
      },
      "country_entropy": -9.99866855976916e-13
    },
    "FR-OVI-ARI029-TgA32095": {
      "region": "Europe",
      "region_confidence": {
        "Europe": 0.9999999999999999
      },
      "region_entropy": -9.99866855976916e-13,
      "country": "France ",
      "country_confidence": {
        "France ": 0.9999999999999999
      },
      "country_entropy": -9.99866855976916e-13
    },
    "NODE_0000023": {
      "region": "Europe",
      "region_confidence": {
        "Europe": 0.9564147485168664,
        "Africa": 0.03976543533140933,
        "Asia": 0.0015699325093402612,
        "Caribbean": 0.0014761716262703744
      },
      "region_entropy": 0.19667649540138574,
      "country": "France ",
      "country_confidence": {
        "France ": 0.997371356665351,
        "Ethiopia": 0.001956780835337955
      },
      "country_entropy": 0.019881129624913462
    },
    "FR-OVI-ARI042-TgA32108": {
      "region": "Europe",
      "region_confidence": {
        "Europe": 1.0
      },
      "region_entropy": -1.000088900581841e-12,
      "country": "France ",
      "country_confidence": {
        "France ": 1.0
      },
      "country_entropy": -1.000088900581841e-12
    },
    "NODE_0000024": {
      "region": "Africa",
      "region_confidence": {
        "Africa": 0.837355493559863,
        "Europe": 0.12109979661449351,
        "Asia": 0.031836394449254006,
        "Caribbean": 0.0047961528575561855,
        "North America": 0.003924337445390971
      },
      "region_entropy": 0.5682293876474015,
      "country": "Ethiopia",
      "country_confidence": {
        "Ethiopia": 0.9973700352124688,
        "France ": 0.0019572905632848805
      },
      "country_entropy": 0.019887325141392517
    },
    "NODE_0000025": {
      "region": "Africa",
      "region_confidence": {
        "Africa": 0.8496644679861791,
        "Asia": 0.10868672122969646,
        "Europe": 0.03335372571388224,
        "Caribbean": 0.005136939783057344,
        "North America": 0.0021970706600557546
      },
      "region_entropy": 0.5402539350033702,
      "country": "Ethiopia",
      "country_confidence": {
        "Ethiopia": 0.9973723282418292,
        "China": 0.0019580965000217995
      },
      "country_entropy": 0.01985652124217088
    },
    "TgGtEt04": {
      "region": "Africa",
      "region_confidence": {
        "Africa": 1.0
      },
      "region_entropy": -1.000088900581841e-12,
      "country": "Ethiopia",
      "country_confidence": {
        "Ethiopia": 1.0
      },
      "country_entropy": -1.000088900581841e-12
    },
    "NODE_0000026": {
      "region": "Asia",
      "region_confidence": {
        "Asia": 0.9441327344426107,
        "Africa": 0.05000270899467582,
        "Caribbean": 0.0029796198295625373,
        "Europe": 0.0018941782595560657
      },
      "region_entropy": 0.24079727087684,
      "country": "China",
      "country_confidence": {
        "China": 0.9993240994167256
      },
      "country_entropy": 0.005662658325207851
    },
    "TgCatCZg02": {
      "region": "Asia",
      "region_confidence": {
        "Asia": 0.9999999999999999
      },
      "region_entropy": -9.99866855976916e-13,
      "country": "China",
      "country_confidence": {
        "China": 0.9999999999999999
      },
      "country_entropy": -9.99866855976916e-13
    },
    "TgCtwh14": {
      "region": "Asia",
      "region_confidence": {
        "Asia": 0.9999999999999999
      },
      "region_entropy": -9.99866855976916e-13,
      "country": "China",
      "country_confidence": {
        "China": 0.9999999999999999
      },
      "country_entropy": -9.99866855976916e-13
    },
    "NODE_0000027": {
      "region": "Africa",
      "region_confidence": {
        "Africa": 0.9696357062299077,
        "Europe": 0.015593903828328785,
        "North America": 0.008438785362759469,
        "Asia": 0.004931188952205755,
        "Caribbean": 0.0010924966686482304
      },
      "region_entropy": 0.17121247033418197,
      "country": "Ethiopia",
      "country_confidence": {
        "Ethiopia": 0.999989354075871
      },
      "country_entropy": 0.00014289689668968425
    },
    "NODE_0000028": {
      "region": "Africa",
      "region_confidence": {
        "Africa": 0.9275438922073053,
        "North America": 0.05957340943286321,
        "Europe": 0.006607945471606267,
        "Asia": 0.004114334514225754,
        "Caribbean": 0.001511890808555622
      },
      "region_entropy": 0.3081440841919285,
      "country": "Ethiopia",
      "country_confidence": {
        "Ethiopia": 0.9990128690332064
      },
      "country_entropy": 0.007859528749685459
    },
    "TgWTDPa06": {
      "region": "North America",
      "region_confidence": {
        "North America": 1.0
      },
      "region_entropy": -1.000088900581841e-12,
      "country": "USA",
      "country_confidence": {
        "USA": 1.0
      },
      "country_entropy": -1.000088900581841e-12
    },
    "TgGtEt01": {
      "region": "Africa",
      "region_confidence": {
        "Africa": 1.0
      },
      "region_entropy": -1.000088900581841e-12,
      "country": "Ethiopia",
      "country_confidence": {
        "Ethiopia": 1.0
      },
      "country_entropy": -1.000088900581841e-12
    },
    "NODE_0000029": {
      "region": "Africa",
      "region_confidence": {
        "Africa": 0.9975814625650316,
        "Europe": 0.001145320261444672
      },
      "region_entropy": 0.020054593429152813,
      "country": "Ethiopia",
      "country_confidence": {
        "Ethiopia": 0.9999999865634506
      },
      "country_entropy": 2.7988833399223863e-07
    },
    "TgGtEt02": {
      "region": "Africa",
      "region_confidence": {
        "Africa": 1.0
      },
      "region_entropy": -1.000088900581841e-12,
      "country": "Ethiopia",
      "country_confidence": {
        "Ethiopia": 0.9999999999999999
      },
      "country_entropy": -9.99866855976916e-13
    },
    "TgGtEt14": {
      "region": "Africa",
      "region_confidence": {
        "Africa": 1.0
      },
      "region_entropy": -1.000088900581841e-12,
      "country": "Ethiopia",
      "country_confidence": {
        "Ethiopia": 0.9999999999999999
      },
      "country_entropy": -9.99866855976916e-13
    }
  },
  "generated_by": {
    "program": "augur",
    "version": "31.5.0"
  }
}