Map from character to field name
A:	Africa
B:	Asia
C:	Caribbean
D:	Europe
E:	North America
F:	South America
G:	?


Substitution rate (mu): 182.108206

Equilibrium frequencies (pi_i):
  A: 0.1928
  B: 0.198
  C: 0.184
  D: 0.1411
  E: 0.1408
  F: 0.1433

Symmetrized rates from j->i (W_ij):
	A	B	C	D	E	F
  A	0	1.6793	1.0584	1.7291	1.2659	0.8197
  B	1.6793	0	1.8747	0.8766	0.8185	0.8253
  C	1.0584	1.8747	0	1.4859	0.8201	1.7262
  D	1.7291	0.8766	1.4859	0	0.8218	0.8475
  E	1.2659	0.8185	0.8201	0.8218	0	0.8171
  F	0.8197	0.8253	1.7262	0.8475	0.8171	0

Actual rates from j->i (Q_ij):
	A	B	C	D	E	F
  A	0	0.3238	0.2041	0.3334	0.2441	0.158
  B	0.3324	0	0.3711	0.1735	0.162	0.1634
  C	0.1947	0.3449	0	0.2734	0.1509	0.3176
  D	0.244	0.1237	0.2097	0	0.116	0.1196
  E	0.1782	0.1152	0.1155	0.1157	0	0.115
  F	0.1175	0.1183	0.2474	0.1215	0.1171	0
